panels: 857 symbols x 58,440 hours | 20s
study 2020-10-14 -> 2026-08-30 | IS to 2022-10-14 | OOS 1417 d | universe days 2148 / 2148 | 25s
null done (1000 draws) | 47s
MOM28: sign -1 | IC IS -0.0348 (t -3.2) OOS -0.0235 (t -3.9) | 49s
MOM7: sign -1 | IC IS -0.0216 (t -2.5) OOS -0.0195 (t -3.2) | 50s
REV1: sign -1 | IC IS -0.0247 (t -2.9) OOS -0.0191 (t -3.2) | 52s
FUND7: sign -1 | IC IS -0.0310 (t -4.0) OOS -0.0042 (t -0.7) | 54s
VSHOCK: sign -1 | IC IS -0.0350 (t -4.2) OOS -0.0099 (t -1.6) | 55s
RVOL30: sign -1 | IC IS -0.1076 (t -11.7) OOS -0.0988 (t -14.7) | 57s

study 2020-10-14 -> 2026-08-30 | IS to 2022-10-14 | OOS 1417 d | 376 coins ever in the top-40 (of 857)
factor  H  sign  gross_bp  net_bp  net_lag_bp  funding_bp  turnover  c_star_bp  sharpe   nw_t  p_holm                   years  perm_pct  maxdd_pct  btc_beta  long_bp  short_bp  is_net_bp  pass
 MOM28  1  -1.0   -22.516 -25.401     -26.577     -16.041     0.641    -35.118  -0.940 -1.944     1.0 -26.5 -25.8 -34.2 -13.8       0.5   -404.437     0.100   -1.100   -21.416    -17.521 False
 MOM28  3  -1.0   -20.612 -22.332     -24.702     -14.895     0.382    -53.912  -0.919 -1.814     1.0 -16.2 -19.9 -28.1 -25.6       0.0   -366.815     0.092   -0.953   -19.659    -14.936 False
 MOM28  7  -1.0   -22.614 -23.768     -24.427     -13.681     0.257    -88.109  -1.155 -2.380     1.0 -15.9 -15.4 -27.7 -37.7       0.0   -361.487     0.073   -4.183   -18.430    -15.745 False
  MOM7  1  -1.0    -6.631 -12.441     -12.975      -7.832     1.291     -5.135  -0.458 -0.873     1.0   -19.2 -7.5 -23.8 +2.4      25.1   -290.194     0.120    7.240   -13.870    -44.072 False
  MOM7  3  -1.0   -11.714 -15.045     -16.948      -7.563     0.740    -15.824  -0.638 -1.223     1.0   -6.6 -1.5 -25.1 -28.5       1.2   -286.578     0.059    3.652   -15.366    -29.931 False
  MOM7  7  -1.0   -11.500 -13.512     -14.881      -6.130     0.447    -25.723  -0.720 -1.462     1.0   -0.7 +0.6 -26.4 -29.5       0.0   -247.997     0.014    1.834   -13.334     -9.087 False
  REV1  1  -1.0    -1.841 -15.324     -10.098      -1.621     2.996     -0.614  -0.585 -1.170     1.0  -18.0 -18.3 -17.6 -6.3      44.7   -273.040     0.198    4.867    -6.708    -22.798 False
  REV1  3  -1.0    -3.006  -7.607      -6.790      -1.610     1.022     -2.940  -0.476 -0.915     1.0    -4.4 -5.5 -5.3 -16.2      29.5   -179.665     0.122    7.239   -10.245     -8.767 False
  REV1  7  -1.0    -3.574  -5.604      -5.357      -0.963     0.451     -7.924  -0.600 -1.224     1.0    +0.0 -3.1 -6.3 -14.0      14.3   -107.837     0.053    2.672    -6.246    -10.135 False
 FUND7  1  -1.0    19.726  17.175      15.698      33.035     0.567     34.799   0.670  1.319     1.0 +23.5 -12.5 +17.4 +43.3      98.7    -96.837    -0.133   17.034     2.693     36.457 False
 FUND7  3  -1.0    15.507  13.737      13.519      28.672     0.393     39.437   0.579  1.116     1.0  +21.1 -9.0 +15.7 +28.9     100.0    -97.542    -0.169   14.275     1.232     33.686 False
 FUND7  7  -1.0     9.690   8.431       8.522      23.552     0.280     34.635   0.416  0.781     1.0   +13.2 -3.0 +14.0 +9.6      99.8   -102.550    -0.190    7.788     1.902     26.950 False
VSHOCK  1  -1.0   -11.176 -17.423     -18.926     -11.470     1.388     -8.051  -0.705 -1.354     1.0  -12.0 -3.8 -30.9 -23.7      10.9   -379.560    -0.017    4.203   -15.379    -13.305 False
VSHOCK  3  -1.0   -13.764 -16.824     -18.326      -8.000     0.680    -20.235  -0.782 -1.527     1.0   -8.4 -4.9 -24.9 -30.7       0.3   -318.298    -0.024    2.915   -16.678    -10.995 False
VSHOCK  7  -1.0   -11.800 -13.419     -14.043      -4.978     0.360    -32.808  -0.783 -1.505     1.0   -6.8 -6.2 -21.2 -20.3       0.0   -263.113    -0.055   -0.110   -11.690      0.694 False
RVOL30  1  -1.0    -6.858  -7.808     -10.694     -22.085     0.211    -32.474  -0.267 -0.554     1.0   -19.5 -4.6 +9.3 -17.6      24.0   -275.397    -0.353    6.050   -12.908      1.076 False
RVOL30  3  -1.0    -9.434 -10.117     -12.870     -19.997     0.152    -62.177  -0.356 -0.746     1.0   -14.5 -5.4 +7.7 -30.8       3.7   -302.928    -0.345    5.546   -14.980     -1.158 False
RVOL30  7  -1.0    -7.256  -7.793      -9.509     -17.489     0.119    -60.784  -0.299 -0.636     1.0   -9.7 -8.4 +12.8 -28.4       1.3   -264.527    -0.342    5.595   -12.851     -4.593 False

VERDICT: FAIL — no factor x holding cell passes all pre-registered criteria
